   1           1     6.78883     3.04753     2.97747
   3           1     6.68184     1.88039     6.22046
   4           1     7.14622     1.72679     4.62376
   6           1     6.79146     1.66217     10.3543
   7           1     7.84238     1.53228      5.6997
   8           1     6.37032     1.75707     15.6166
   9           1     6.30285     1.53173     20.7518
  10           1     6.50397     1.43753     25.3891
  11           1     7.58223     2.46016     3.63259
  12           1     6.72683     1.42725     33.0918
  13           1     6.66201      1.4263     36.9363
  14           1     6.37935     1.24641     51.5415
  16           1     8.05035     1.73604     6.05199
  17           1     7.48452     1.15702     13.1367
  18           1     7.71513      1.5321     13.5562
  19           1     9.28713     3.11872     4.31941
  20           1     6.55413    0.874656     82.2041
  21           1     6.18213     1.01516     113.509
  22           1     6.60242    0.855885     72.5981
  23           1      6.1949     1.09692     122.241
  24           1     8.22765     1.15344     15.0436
  26           1     6.28404    0.969638     142.333
  27           1     5.95918    0.962183     204.921
  28           1     5.98079     1.01286     220.643
  29           1     6.00436      1.0543     222.321
  30           1     6.02273     1.01349     249.871
  31           1     5.96464    0.934747     279.064
  31           2     22.7288      2.5721     13.7121
  32           1     9.27666     2.46167     18.9738
  32           2     22.0666     2.15915     21.9188
  33           1     11.4071     2.45184     3.27117
  33           2     22.1963     2.05493        35.7
  34           1     5.84596    0.932799     384.901
  34           2     21.9744     1.56592     53.0606
  35           1      5.9058    0.884646      447.05
  35           2     21.7978     2.00608     71.0259
  36           1     5.83353     1.00881      459.94
  36           2     21.6462     1.97554      93.565
  37           1     6.02249    0.911923      415.11
  37           2     21.6026     1.83164     132.489
  38           1     5.81691    0.932692     576.588
  38           2     21.5827     1.80106     169.333
  39           1     5.80854    0.979856     598.567
  39           2     21.5319     1.78221     212.825
  39           3     43.7261     2.23556      7.1183
  40           1     6.78025     0.86938     219.169
  40           2      21.438     1.67008     270.047
  40           3     43.6111      2.2117     9.74432
  41           1     10.1331     2.25516      42.371
  41           2     21.4277     1.74095     334.071
  41           3     43.9241     2.14293     17.8534
  42           1     6.98693     0.77203     233.442
  42           2     21.4777     1.84273     380.666
  42           3     43.3988     3.79944     18.6141
  43           1     11.8525     2.73151     32.2929
  43           2     21.4652     1.71925      469.14
  43           3     43.6146     2.36149     31.9604
  44           1     6.33187    0.769973     500.081
  44           2     21.4273     1.53743     548.364
  44           3     43.6846     2.81194     38.9631
  45           1     11.6528      2.7697     47.0113
  45           2     21.4257     1.72673     634.954
  45           3     43.6111     2.65882     56.2756
  45           4     68.8108     2.29215     9.71966
  46           1     6.26792    0.712887     767.185
  46           2     21.4176      1.5291     757.598
  46           3     43.7005     3.09804     68.4159
  46           4     68.8229     3.76654     17.4027
  46           6     115.877     4.03053     6.99012
  47           1     6.71884      0.7275     543.707
  47           2     21.3954      1.7853     830.569
  47           3     43.5287     3.03868     90.6726
  47           4     68.3607     3.88115      22.088
  47           5     93.4069      4.2722     9.03955
  47           6     116.519     4.17106     12.3603
  48           1     11.9777     2.40017     78.3975
  48           2     21.4029     1.75184     955.815
  48           3     43.5525     2.91465     122.462
  48           4     68.5545     3.69942     35.2468
  48           5     93.3587     3.70878     27.8258
  48           6     115.979     3.96897       24.08
  49           2     21.3865     1.78225     1073.86
  49           3     43.6017     2.90575     145.515
  49           4     68.6457     3.64702     46.8181
  49           5     93.2387      3.4821     75.4971
  49           6     115.976     4.05126      46.199
  50           2     21.4235      1.6657     1185.11
  50           3     43.7518     2.11669     171.604
  50           4     68.6471      3.4873     64.2236
  50           5     93.2511     3.46943       180.7
  50           6     115.834     4.00363     119.913
  51           2     21.4178     1.71132     1385.09
  51           3     43.3715     2.84338     187.951
  51           4     68.4712     2.70996     85.8689
  51           5     93.3938     3.20298      352.37
  51           6      115.93     3.94878     477.325
  52           1     12.3793     2.19006     203.358
  52           2     21.3906     1.75258     1375.61
  52           4     69.1206     4.41878     73.0527
  52           5     93.4717     3.77728     303.411
  52           6     115.852     3.97476     2489.74
  53           2      22.228     1.68933     739.717
  53           5     93.7554     5.03642     356.883
  53           6     115.847     3.98323     20699.7
  54           6     115.843     3.91319     20694.3
  55           1     11.9434     2.16856     276.549
  55           2     21.4423     1.82904     1509.14
  55           4     69.8218     5.63126     97.4904
  55           5     93.6926     4.99971     183.999
  55           6     115.888     3.98716     8236.02
  56           1     5.82816    0.914202     1798.68
  56           2     21.8784     1.59818     1275.14
  56           4     71.1385     3.49008     55.4298
  56           5     96.1705     4.81011     52.2993
  56           6     119.358     5.91204      453.14
  57           2     22.3593     1.69351     802.574
  57           4      71.738     3.62652     50.8632
  57           5     98.2368     4.24559     33.0042
  57           6     122.296      4.2658     201.276
  58           2     21.7137     1.92048     1016.02
  58           3     43.8679     4.65597     68.3863
  58           4      70.807     3.88528     41.9433
  58           5     95.5902     4.85055     17.4715
  58           6     119.892     4.62143     91.2261
  59           1     11.2212     2.37789      116.04
  59           2     21.6115     1.83499     986.372
  59           3     43.8017     4.09671     62.6954
  59           4     69.5952     3.50892     41.9871
  59           5     94.8353     4.22946      9.4096
  59           6     117.293     4.32203      52.834
  60           2     21.5318     1.71437     875.766
  60           4     69.6284     3.12436     34.0984
  60           5     93.1916     5.73456     5.15382
  60           6     116.658     3.94225     27.2663
  61           2     21.7967      1.6624     603.291
  61           4     69.1856     3.19933     27.4584
  61           6     116.513     3.87407     12.5312
  62           1      7.3397     0.72205     326.926
  62           2     21.5093      1.6967     754.468
  62           3     44.1068     2.15302     30.4783
  62           4       69.87     3.16544     15.6725
  62           6     115.944     4.34214     6.89012
  63           1     10.2469     1.87357     71.2869
  63           2     21.6015     1.86453     589.272
  63           3     42.8961     6.07644     13.1285
  63           4     69.3632     4.34437     9.85928
  64           2     21.6302     1.55674     531.729
  64           4     69.2141     2.32679     8.87042
  65           2     21.6497     1.58446     454.614
  66           2     21.7205     1.62485     390.638
  66           4     69.6098     2.05895     3.95473
  67           1     10.1562     2.32626     52.7914
  67           2     21.7445     1.82141     347.467
  67           3     43.8643     3.80238     2.59854
  68           2     21.7525     1.84822     296.344
  69           1      7.9572      0.9463     81.1592
  69           2     21.8558     1.65206     250.515
  70           2      21.897     1.84702     211.206
  71           1       10.22     2.06052     38.2519
  71           2     21.9161     1.96552     180.468
  72           2     22.0298     1.94759       134.2
  73           2     23.2864     1.44004     42.8963
  74           2     22.2752       2.058     101.219
  75           1     6.43464    0.727267     459.271
  75           2      22.336     1.99509     85.3931
  76           1     5.85598    0.926499       798.7
  76           2     22.5025     2.11325     66.3464
  77           1     9.09592      1.8557     29.3742
  77           2     22.5807     2.03209     53.7959
  78           2      22.953     1.84397     47.0091
  79           1     7.33675    0.739211     51.2875
  79           2      23.147     1.85577     35.5058
  80           2     23.7393     2.27641     14.0141
  81           1     9.43859      2.2279      17.182
  81           2     23.5266     2.14531     24.2865
  82           1     5.89567    0.926653     576.787
  82           2     23.8187     2.44485     18.6087
  83           1     6.72503    0.717737     207.122
  83           2     23.9033     2.41246     15.0323
  84           1     5.92992    0.944385     521.949
  84           2     24.3023     2.17397     14.0397
  85           1     7.45621    0.789889     56.3793
  85           2     23.8034     2.63928      8.8989
  86           1     9.99546     3.48448     4.26998
  86           2     23.9283     2.07747     8.67731
  87           1     6.26193    0.817466     342.991
  88           2      24.288     1.94239     4.63746
  89           1     6.62033    0.836465     108.096
  90           1     10.1099     1.02335     1.33524
  91           1     6.39865    0.768349     239.127
  92           1     6.29852    0.985862     209.614
 101           1      5.9499      1.8682     6.41359
 103           1      6.4989     2.33105     5.43265
 104           1     6.60692     2.38003      6.5098
 105           1     7.27023     1.38449     7.92644
 106           1     6.52055     1.41767     10.3351
 107           1     7.92902      1.3251     5.14089
 108           1     7.14403     1.65159     5.93953
 109           1     6.98435     1.27949     16.5033
 110           1      6.9231      1.2228     16.2978
 111           1     7.27508     1.16213     10.8441
 112           1     7.89312     1.19653     13.6656
 113           1     6.21509     1.23792     51.5947
 114           1     6.52442    0.883386     38.2294
 115           1     7.26196     1.20215     20.7597
 118           1     7.42401     1.03571     17.9278
 119           1      8.8197     2.80024     4.30942
 120           1     10.6791     3.04085     1.14994
 121           1     9.13059    0.958179     4.15224
 122           1     10.8177     2.33955     2.20583
 123           1      10.873     2.04215     2.43559
 125           1     9.65105     1.09848     9.31487
 126           1     6.76522    0.812645     64.6022
 127           1     7.50306     1.15107     45.7882
 128           1     6.83848    0.754312     90.1114
 129           1     6.13984    0.884054      197.11
 130           1     6.40413    0.771242     176.158
 130           2     22.5856     1.89822     11.4312
 131           1     6.46706    0.756716     180.007
 131           2     22.2596      1.8142     21.2265
 132           1     6.93855     1.01914     98.0679
 132           2     22.1536     1.97486     32.3256
 133           1     5.87901     1.01936     362.722
 133           2     21.8645     2.39942      46.325
 134           1      11.897     2.29985     10.9824
 134           2     21.8851     2.09892     66.6456
 135           1     12.4156     2.52493     13.3955
 135           2     21.9014     1.85164     95.3941
 136           1     10.0359     2.18857     32.2604
 136           2     21.6722     2.06524     116.718
 137           2      21.739     1.70501     153.948
 137           3     44.5256     4.53468     3.03315
 138           2     21.6317     1.87004     200.677
 138           3     44.7209     2.01712     6.99988
 139           2     21.5348     1.60562     244.601
 139           3     43.4929     3.29268     11.7619
 140           2     21.5133     1.72436      308.02
 141           2     21.5345     1.56846     360.128
 141           3      43.548     2.35027     24.3196
 142           1     6.55444    0.958092     240.659
 142           2     21.5525     1.53642     427.812
 142           3     43.8872     2.79532     33.1906
 143           1     12.2599     2.66158     61.1913
 143           2     21.5012     1.73837     528.046
 143           4     69.9522     4.35411     5.71168
 144           1     7.06246    0.759508     323.985
 144           2     21.5482     1.52226     585.741
 145           1     6.01778    0.680631     863.631
 145           2     21.4583     1.79122     681.222
 145           6     117.257     3.52186     7.13237
 146           1     11.1428     2.60173     144.857
 146           2     21.4429     1.83317     805.774
 146           4     69.1103     4.86888     23.9235
 146           5      93.111     6.04974     6.76672
 146           6     116.875     4.21142     10.6507
 147           1     5.70963    0.931966     1272.35
 147           2     21.4681     1.77901     917.366
 147           5     93.8669     3.69431     24.5547
 147           6     116.656     4.26238     19.3043
 148           2     21.4096     1.92491     1001.73
 148           4     69.1419     4.18546     49.2518
 148           5     94.0027     3.87163     58.9804
 148           6     116.885     4.17209     36.1644
 149           1     11.9656     2.38607     340.335
 149           2     21.4271     1.98289      1158.1
 149           5     93.9893     3.73792     140.138
 149           6     116.934     4.28747     85.6054
 150           1     10.6144     2.79632     616.429
 150           2     21.3697     2.09277     1290.96
 150           4     69.4019     5.79587     74.5746
 150           5     94.0965     3.66072      289.36
 150           6     117.008     4.15434     292.534
 151           2     24.1817     1.31276     13.8158
 151           3     43.2493     5.22927     302.618
 151           5     94.1513     3.76961     432.413
 151           6     116.415     4.05596     3342.25
 152           1     7.04496    0.981434     2378.01
 152           2      20.681      5.5038     1197.66
 152           5     94.6615      6.3185     689.194
 152           6      116.27     3.99201     59111.7
 153           1     6.78962    0.857635     2318.55
 153           2     22.0355     6.22556     1136.03
 153           6     116.244     3.92715      117545
 154           1     10.8823     2.36352     1181.68
 154           2     21.2559     2.88313      1485.1
 154           6      116.52     3.92115     19929.2
 155           1     10.8052     2.40566     866.551
 155           2     21.5544     2.45809     1298.05
 155           6     117.948     4.40518     947.998
 156           1     5.98643      1.0954     1992.18
 156           2     20.1979     6.71721     539.362
 156           4     71.3353     6.77168      53.735
 156           5     100.011     5.22032     38.4508
 156           6     124.492     4.51542     238.102
 157           1     10.4437     2.63649      376.03
 157           2     21.7801     2.22474     951.337
 157           4     71.9996     4.43161     49.7783
 157           5     97.6134     6.26356     19.9915
 157           6     122.574      4.5698     111.055
 158           1     6.17596    0.843919     1403.99
 158           2     21.6103     1.84574     1014.84
 158           4     70.8881      4.5908     38.8135
 158           5     94.8376     6.05199     12.3844
 158           6     119.274     4.99238     56.0615
 159           1       5.924     0.97078     1532.66
 159           2     21.6013     1.73443     886.702
 159           4     69.9554     3.88695     40.8222
 159           5     95.4602     5.75297     7.26089
 159           6     117.822       4.164     31.7638
 160           1     6.30402    0.873442     962.859
 160           2     21.6108     1.75125     784.794
 160           4     69.8831     3.10386      31.836
 160           6     117.936      3.0249     16.3872
 161           1     6.47792    0.731807     884.389
 161           2     21.6436     1.68574     712.588
 161           4     69.5586     3.17791     21.4969
 161           6     117.707     3.47998     7.44825
 162           1     6.90993    0.999304     307.517
 162           2     21.6443     1.74032     609.228
 162           4     69.7161     3.57043     17.2144
 162           6      117.19     2.52632      4.6804
 163           1     5.87406    0.954857     1050.64
 163           2     21.7099     1.63217     575.225
 164           1      5.9463    0.830712     1147.77
 164           2     21.8077     1.56755     475.541
 164           4     69.5948     4.06684     7.71567
 165           1     5.81026    0.896105     1210.43
 165           2     21.7922     1.56707     401.657
 166           1      5.7977    0.874794     1191.75
 166           2     21.8719     1.55888     350.419
 167           1     5.80934    0.878146     1145.82
 167           2      21.941     1.62667     302.296
 168           1     5.78646    0.876761     1122.06
 168           2      21.987     1.69266     243.592
 169           1     5.81975    0.886305     1068.23
 169           2     22.0025     1.85932     219.475
 170           1     5.82972    0.905108     999.019
 170           2     22.0347     1.86074       193.3
 171           1     5.81731    0.915202     953.677
 171           2     22.1436     2.03697     154.046
 172           1     5.82048    0.892756     947.229
 172           2     22.1241     1.87746      130.21
 173           2     22.2381     1.94126     109.249
 174           2     22.4169     1.81702     90.8197
 175           1     7.40184     1.05595     71.0475
 175           2     22.6664     2.12304     79.1746
 176           1     6.49167    0.684856     350.877
 176           2     22.7145     2.13082      62.218
 177           1     6.09747    0.782541     602.727
 177           2      22.674     2.09866     49.5334
 178           1     6.10832    0.861323     467.916
 179           1     6.36974    0.753077     244.997
 179           2     23.3051     1.77446     30.1987
 180           1     10.1247     2.61743     14.4751
 180           2     23.2488     2.05338     27.9264
 181           1     5.95126    0.945449     536.668
 182           1     5.87778     1.00142     511.343
 182           2     23.9991     2.19102     17.0843
 183           1     5.92276    0.958742      497.32
 183           2     23.7677     2.26381     12.3126
 184           1     5.92494     1.01017      464.04
 184           2     23.6069     2.52495     10.7026
 185           1     6.45516    0.927141     179.225
 185           2     23.9952     2.58017     8.91898
 186           1     5.99068     0.94132     403.189
 187           1     6.00655    0.948623      366.88
 188           1     6.23498    0.796469     271.366
 189           1     6.69867    0.745508     95.2972
 190           1     6.17461    0.974539     255.342
 191           1     6.17039    0.932149     235.381
 192           1     6.17412    0.986129     209.083
 193           1     6.14397     1.01562     188.446
 196           1     6.13753     1.04644     125.902
