   2           1     62.4682     20.3199     2.61506
   3           1     84.2117     22.8972     5.11668
   4           1     68.3707     18.4532      6.0131
   5           1     117.277     55.2393    0.450334
   6           1     107.124     27.6759     9.62554
   7           1     65.9553     16.6429      7.1654
   7           2     219.603     22.1441    0.526652
   8           1     58.0284     14.1065     4.64477
   8           2     197.761     34.5254    0.537629
  11           1     47.5602     15.2244     8.38081
  11           2     176.003     27.3726    0.553533
  12           1     65.5888     18.0399     18.7006
  12           2     231.549      33.486    0.833931
  13           1     87.0525     22.2964     16.1834
  13           2     291.916     55.9109    0.647028
  14           1     77.9533     20.6801     22.7763
  14           2     278.215     31.7173     0.85486
  15           1     72.5272     10.5559     2.09081
  15           2     143.411     4.44301    0.539626
  15           3     184.658     5.30573    0.308488
  16           1      38.027     12.8073     13.8159
  16           2     128.265      15.798     2.29223
  17           1     58.5796     14.9694     11.8181
  17           2     176.817      26.848     1.42895
  18           1     66.8837     16.8083     25.5527
  18           2     240.473     58.3871     1.08106
  19           1     43.6095     12.5884     9.66203
  20           1     75.7999     22.4771     31.2804
  20           2     302.516     53.2289    0.938354
  20           3     472.235     18.4079    0.353523
  21           1     79.9764      19.958     39.7517
  21           2     306.755     50.0712     1.43057
  22           1     84.5312     20.5111     39.0351
  22           2     285.103     29.1895     2.52895
  23           1      54.292     15.3425     49.9435
  23           2     196.784     29.5284     2.80892
  24           1     49.8672     15.6278     18.3724
  24           2     157.752     17.4245     4.95065
  24           3     287.195     29.4312    0.447088
  24           4     410.697     9.97434    0.361794
  25           1     56.2564     11.7101     15.7719
  25           2     163.398     22.8778     5.33218
  25           4     375.763     11.1595    0.302483
  26           1     109.681     22.4573     57.4082
  26           2     370.413     31.9273     4.61165
  28           1      145.72     28.2645     57.4989
  28           2     458.353     49.0886     5.49826
  29           1     173.422     31.0813     56.0744
  29           2     506.387     41.2042     8.18669
  29           3     853.241     36.5409    0.822444
  30           1     145.734     27.0259     73.0436
  30           2     449.708      38.251      12.013
  30           3     766.917     44.2748    0.778002
  31           1     166.851     30.2408      72.528
  31           2     488.381     37.5441     15.9715
  31           3     811.308     44.1571     1.29601
  33           1     54.2898     11.9404     14.5212
  33           2     152.438     22.0737     46.0713
  33           3     275.132     28.5517     3.61778
  34           1     140.258     28.7037     116.154
  34           2     464.142     39.1331     35.0789
  34           3     827.895     55.2542      2.5494
  37           1     115.608     23.3021     175.047
  37           2     365.145     29.8486     87.6934
  37           3     635.376     35.2711     8.29644
  37           6     1402.41      33.477     12.2992
  38           1     134.851     26.6576     179.236
  38           2     437.352     32.3193     97.1016
  38           3     766.088     40.3081     9.75225
  38           6     1765.33     43.1866     135.948
  39           1     140.824     29.1565     177.486
  39           2     462.369     42.1284     87.1328
  39           3      830.82      49.552     9.59619
  39           6     1950.25     120.287     4.73513
  40           1     68.0676     15.6479      279.69
  40           2     226.667     21.6695     195.514
  40           3      415.11     26.7651     21.5937
  40           6     980.036     24.7478      12.634
  41           1     56.7588     13.8398      112.68
  41           2      174.68     19.4099     256.411
  41           3     346.777     22.1619     30.7333
  41           5     693.297     26.9025     7.45416
  41           6     862.554     26.8114     5.90894
  42           1     72.3212     16.9356     247.442
  42           2      234.65      23.456     246.625
  42           3     451.493     30.4828     29.7431
  42           4     667.913     35.9428     9.71919
  42           5     873.961      30.574     8.10896
  43           1     74.8898     40.7879     33.2321
  43           2     132.081     17.9917     354.925
  43           3     270.682     30.1694     40.0792
  43           4     442.564     31.2463     14.0627
  43           5     625.766     33.6554     13.6287
  43           6     836.799      49.631     10.4813
  44           1     86.6078     19.3356      295.87
  44           2     279.644      25.271     307.202
  44           3     518.804     32.0943     40.0235
  44           4     765.074     31.9318     16.2567
  44           5     1007.77     31.7944     21.2015
  44           6     1245.33     34.7339     18.4206
  45           1     64.9113     15.3788     191.109
  45           2     207.256     21.1071     421.444
  45           3     399.751     26.4085     58.1704
  45           4     595.768     28.0747     25.9479
  45           5     781.596     25.7285     41.0471
  45           6      952.29     27.1666     31.0761
  46           1     73.5955     18.5579     383.889
  46           2     264.817     27.9154     367.577
  46           3     533.266     33.4922     54.8542
  46           4     804.522     30.4928     30.7772
  46           5     1048.79     30.3237     53.1379
  46           6     1268.89     30.8574     43.2444
  47           1     60.0978     14.6915     134.723
  47           2     200.569     22.0035      253.91
  47           3      426.52     30.8942     44.3641
  47           4     681.304     34.5442     29.5143
  47           5     908.356     43.2355     58.7602
  47           6     1115.83     51.3334     97.4683
  48           1     53.2287     13.8913     231.086
  48           2     151.244     18.9553     727.649
  48           3     304.019     25.7126     111.976
  48           4     465.997     25.8313     64.1017
  48           5     629.087     24.3742     143.769
  48           6     786.972     22.9055     763.384
  49           1     74.2616     45.8437     306.268
  49           2     152.054      36.987     604.018
  49           3     308.333     33.1384     125.191
  49           4     490.674     41.7163     70.4996
  49           5     664.228     31.8295     193.208
  49           6     821.186     28.5224     3647.73
  50           1     83.3329     41.1413     484.466
  50           2     216.713      51.353     526.138
  50           3      412.94     56.4604     118.763
  50           4      638.24     80.7038     79.2965
  50           5     874.482     74.4972      204.68
  50           6     1052.84     53.0391     7369.72
  51           2     169.086     47.4122     750.633
  51           6     751.253     53.0574     18174.8
  52           1     81.9043     38.3179     1098.48
  52           2     131.787     38.7388     707.875
  52           6      627.17     35.4313     21409.7
  53           1     122.948     49.6744     505.416
  53           5     634.112     39.8841     10279.1
  53           6     725.566     42.0683     11649.7
  54           1     67.0694      38.764     1106.66
  54           2     144.705     50.8505     485.988
  54           4     436.603     57.8312      114.74
  54           6     755.077     52.3144     10123.5
  55           1     72.2516     28.2099     6523.51
  55           2     283.809     35.9106     636.559
  55           3     508.628      46.239     143.797
  55           4     741.425     64.8125     107.156
  55           5     960.827     54.3307      217.02
  55           6     1151.88     39.6276     13185.3
  57           1     88.3044     31.1589     92.1084
  57           2      144.88     30.2988     533.586
  57           3     255.254     46.1734     93.7354
  57           5     516.822      36.054     88.2005
  57           6     630.847     31.7766      1079.9
  58           1     85.7102     31.2878     250.446
  58           2     239.503     33.9749     391.497
  58           3     439.996     37.4503     54.3573
  58           4     654.636     39.9609     30.4964
  58           5     861.651     40.1861     41.9439
  58           6     1057.76     38.9807     204.291
  59           1     111.863     32.1621     271.948
  59           2     328.843     37.7404     300.555
  59           3     587.979      45.853     36.2548
  59           4     856.329     44.7477      20.714
  59           5     1108.64     45.8828     24.8421
  59           6     1343.64     40.8111     69.4836
  60           1     87.1771     29.9054     182.576
  60           2     245.443     37.2189     267.853
  60           3     442.069     43.1131     30.7116
  60           4     647.876     60.9508     17.1585
  60           5     867.591     52.6227     16.4471
  60           6     1068.59     64.6962     27.0569
  61           1     66.6654     21.7148     31.6599
  61           2     189.351     38.8151     231.042
  61           5     640.375     34.7064     15.2782
  61           6     785.347     44.6865     22.0898
  62           1      112.38     30.3223     296.156
  62           2     350.315     38.0484     204.189
  62           3     648.656     48.7083     17.8912
  62           4     946.372     45.0279     12.0982
  62           5     1216.03      46.299     7.76369
  62           6     1458.22     40.0687     11.9762
  63           1     89.2462     28.7886     205.124
  63           2     268.124     36.3205     186.801
  63           3     520.368     47.9869      13.647
  63           4     779.881     54.2936     8.99394
  63           5     1032.58     45.6153     5.45318
  63           6      1262.7     55.9774     6.65084
  64           1     79.4901     30.3989      167.59
  64           2     218.554     34.4047     203.969
  64           3     398.511     32.9327     16.2881
  64           4     579.804     45.3251     10.0524
  64           5     758.056     44.5112     5.37989
  64           6     929.642      26.655     6.78332
  65           1     59.6723     18.9859     59.6878
  65           2     159.501     41.8634     139.968
  65           4     492.322     26.5719     6.79868
  65           5     650.096     25.0852     3.25476
  65           6     807.489     26.1018     3.07168
  67           1     90.6164      34.073     156.823
  67           2      274.41     39.6439     87.6842
  67           3     516.547     49.6532     6.05414
  67           4      759.54     48.5455     3.15505
  67           5     1014.28     57.0612     1.26878
  67           6     1211.76     49.7388    0.855714
  68           1     76.9583     34.2457     124.983
  68           2     231.364     40.0034     82.3191
  68           3      442.82     38.9512     5.35307
  68           4     678.637     40.9669     2.88216
  68           6     1082.51     42.7347    0.709046
  69           1     85.6793     33.8666     145.665
  69           2     267.427     36.1745      75.613
  69           3      514.22     45.7708     4.38404
  69           4     774.727     40.7147     2.54025
  69           5     1025.68     33.1215    0.702707
  69           6     1273.96     43.0107    0.534228
  70           1     80.8385     43.2036     123.952
  70           2     249.582     40.8919     61.2686
  70           3     481.023     50.5115        3.53
  70           4      722.48     40.8444     1.95763
  70           6     1156.83     45.6162    0.380845
  71           1     89.9704     34.9812     110.545
  71           2     276.426     42.4539     52.6826
  71           3     529.565     54.2569       2.754
  71           4     780.093     49.0185     1.46457
  72           1     79.8999     39.9373     114.915
  72           2     233.578     44.0858     50.5483
  72           3     435.294     37.6799     2.89894
  72           4     580.978     43.5745     1.06549
  72           5     842.112     26.2099     0.42497
  75           1     130.862     34.0039     111.771
  75           2     419.908     45.8688     24.4214
  75           3     780.391     85.6544    0.999349
  75           4     1177.09     145.211    0.427829
  79           1     110.233     32.7961     64.7674
  79           2     341.228     54.8549      14.339
  79           4     922.682     30.2096    0.316784
  81           1     100.184     31.7871      86.445
  81           2     316.889     35.2414     13.1334
  83           1     123.612     33.1508     88.0442
  83           2     412.694      45.723     7.06304
  85           1     112.931     32.2189     68.3262
  85           2     358.636     44.5389     5.20311
  86           1     82.1981      28.861       41.43
  86           2     261.953      45.461     5.40478
  86           3     456.385     20.2181    0.332534
  87           1     156.822      38.373     53.4075
  87           2     504.482     80.0813      2.6234
  88           1     78.8956      23.142     8.04214
  88           2     181.228     43.4979     4.22326
  90           1     105.133     31.5941      23.463
  90           2     329.116     63.0778     2.70355
  91           1     163.125     38.4266     39.1237
  91           2     512.771     57.0521     1.98111
  92           1     262.468     46.4601     28.9549
  92           2     739.821     63.6593     1.53453
  95           1     152.766     36.1383     10.0192
  95           2     385.594     73.5385     1.18471
  96           1     97.9131     27.4185     18.0651
 103           1     153.185      41.683     6.12679
 105           1     114.765     31.9906     7.32309
 106           1     214.243     51.9908     6.54611
 107           1     80.3041     26.1727     8.92004
 108           1      88.414     25.7193     11.4592
 109           1     112.596     28.4416     11.7407
 109           2      390.45     55.6392    0.425468
 110           1     107.842     30.6289     10.3335
 111           1     103.488     28.6922     11.6523
 111           2     375.754     31.1068    0.719672
 112           1     84.7819     23.5012     12.5731
 114           1     132.084     32.6296     15.4893
 114           2     443.582     42.0433    0.864951
 115           1     84.2389     24.2774     14.5902
 115           2     275.565     93.3509    0.735464
 116           1     56.6289     22.1058     4.74866
 117           1     81.3941     22.7638     10.0189
 117           2     254.239     38.6028    0.939931
 118           1     95.7611     24.1556     17.2143
 118           2     323.339     56.1343    0.946942
 119           1     91.6909     22.2663     7.62218
 120           1     73.6151     19.4661     8.98226
 120           2     223.582     26.2795     1.94821
 120           3      457.92     28.1809    0.336325
 121           1     78.7526     22.4027     26.8031
 121           2     252.973     30.1807     2.33618
 122           1     63.9833     21.3061     3.95948
 123           1     67.6294     22.1905     4.43304
 123           2     179.327     26.1143     3.42299
 124           1       58.61     17.6114     2.88071
 124           2     136.284     24.9549     5.33568
 125           1     65.5502     23.5147     23.6081
 125           2     213.793     39.1545     3.94733
 125           3     402.497     47.1079    0.458588
 126           1     133.102     31.0425     40.1885
 126           2     428.728     43.2077     4.08932
 126           3     714.372     44.7701    0.480468
 127           1     107.444     27.4991     50.6721
 127           2     357.214     41.8036     5.66695
 128           1     114.842     27.7228     50.4372
 128           2     376.802     37.1374     7.42048
 128           3     663.781     53.7302    0.626403
 129           1     117.981     32.1763     56.2889
 129           2     447.943     56.0655     7.94733
 129           3     882.731     119.547    0.485181
 130           1     128.024     31.1923     67.1034
 130           2     415.256     41.5844     13.7516
 130           3     717.941     47.7441     1.20556
 131           1     144.463     33.9065     64.6386
 131           2     443.678     40.8821      16.637
 131           3     781.421     69.7514     1.36418
 132           1     104.662     27.3487      84.187
 132           2      344.98     38.5007     23.4455
 132           3     635.011     92.5051     1.78711
 134           1     66.8686     23.5879      37.769
 134           2     175.122     33.3292     57.8632
 134           5     748.085     37.8318     0.45781
 135           1     67.6889     28.0785     101.407
 135           2      192.62     32.0062      73.307
 135           3     377.413     37.5243     8.46244
 135           4     571.731     29.6997     2.13713
 135           5     786.801     15.8537    0.855943
 135           6     944.837     25.3199    0.552548
 136           1     83.0734     27.5534      124.13
 136           2     241.822     36.2005     79.5986
 136           5     962.572     31.9372     1.72234
 136           6      1186.4     33.0926     10.6988
 137           1       72.04     30.0047     110.618
 137           2     202.007     33.2954     103.854
 137           3     409.811     48.6077     14.5763
 137           4     623.852     56.6812     4.45221
 137           6     1050.24     29.5994     191.429
 138           1     80.8924     29.7755     140.264
 138           2     239.701     32.9269     112.308
 138           3     447.518     37.1898     14.6468
 138           4     655.834     27.6584     4.43959
 138           5      859.59      25.505     2.97951
 138           6     1059.68     35.5748     11.5627
 140           1     75.5004     29.8513     156.382
 140           2     212.771     29.1721     179.556
 140           3     395.008     32.6752     26.9765
 140           4     581.924     57.7607     7.11997
 140           5     752.783     33.5136     5.54728
 140           6     920.529     21.8352     7.54073
 141           1     95.6527     30.2086     42.4009
 141           2     139.707       29.06     232.405
 141           3     290.269     40.3559     32.1288
 141           4     460.993      27.415     11.9849
 141           5     637.284     43.1777     7.84911
 143           1      75.415     25.2188     178.828
 143           2     213.713      31.845      263.58
 143           3     421.357     38.4242     42.2302
 143           4     649.146     43.9426     14.8866
 143           5     872.516     36.7368     17.1147
 143           6     1082.04     33.3924     18.3093
 145           1     134.356      35.374     297.268
 145           2      419.57     43.1371     257.734
 145           3     731.186     64.2615     44.0511
 145           4     1060.22     61.3328     17.8658
 145           5     1382.09     64.6606     23.7424
 145           6     1684.73     59.0953     17.9127
 146           1     97.8195     27.7747     381.857
 146           2     299.004     34.6304     375.404
 146           3     550.388      49.421     68.1952
 146           4     815.303     44.6625     31.6302
 146           5     1071.39     35.3882     61.4987
 146           6     1311.78     34.7942     85.6081
 148           2     137.434     29.7657     826.847
 148           3     275.393     52.9172     196.313
 148           4     450.731     42.3214     85.1436
 148           5     618.915     31.3826     172.642
 148           6      772.34     27.3303     1861.66
 149           1     64.3494     21.7916     1204.08
 149           2     157.481     22.4019     1252.88
 149           3     316.422     38.1306     376.181
 149           4     474.035     43.8779     186.208
 149           5     646.085     26.6948     394.645
 149           6     799.637     22.8485     11654.8
 150           1     85.2374     27.4912     2539.59
 150           2     310.162     34.8616     986.424
 150           3     559.565     69.3541     436.572
 150           5     1032.48     44.2905     485.048
 150           6     1249.48     31.3587     23938.7
 151           2     128.749      32.673     1361.25
 151           6     629.097     40.4647     14190.3
 152           1     75.9328     25.3943     2756.17
 152           2     165.227     34.2136     1970.02
 152           3     377.432     73.1478     764.064
 152           5     876.419      59.787     797.337
 152           6     1089.02     36.0774     56603.6
 153           1     68.2363     25.2253     2641.38
 153           2     139.416     36.9771     1999.83
 153           3     329.922     76.4271     734.596
 153           5     810.637     64.5474     696.436
 153           6     1011.78     41.0653     37998.2
 154           1     66.7808     23.9312     2198.08
 154           2     133.623     28.5298     1960.23
 154           3     310.695     65.2297     676.959
 154           6     933.855     37.3907     22516.8
 155           1      64.045     19.7215     1246.49
 155           2     192.228     23.5482     1097.57
 155           3     368.828     43.0265     312.116
 155           4     542.555     49.1452     155.326
 155           5     719.917     29.9434     278.256
 155           6     879.237     22.4166     9750.81
 157           1     85.0564     20.3688     738.567
 157           2     277.453     26.3493     590.023
 157           3       497.4     43.0194     94.0392
 157           4     721.407     36.7096     42.5221
 157           5     938.078     32.5201     55.8898
 157           6      1143.3     29.0058     382.845
 158           1     74.0092     17.9527     570.668
 158           2     230.544     20.9208     575.244
 158           3     401.169     34.8527     83.8185
 158           4     579.003     32.1416     39.9128
 158           5     757.419     26.3941     48.1514
 158           6     925.155     25.8829     146.262
 159           1      87.144     20.2122     488.616
 159           2     306.273     30.3478      364.82
 159           3     596.664     50.3685     44.2346
 159           4     909.239     45.4284     20.7417
 159           5     1215.22     46.1928     18.7953
 159           6     1509.65      44.056     40.5582
 160           1      41.904     11.9259     367.197
 160           2     126.337     15.6109     602.476
 160           3     246.377     28.3978     67.4408
 160           4     387.438     18.3322     40.3866
 160           5     515.821     19.0104     33.1609
 160           6     631.578     21.8506      47.266
 161           1     66.4196     14.7865     368.414
 161           2     213.233     19.7749     417.898
 161           3     400.309     30.5417     38.5144
 161           4     596.091     25.2566     22.9752
 161           5     782.223     26.4022     14.8731
 161           6     963.049     25.7783     22.2348
 163           1     93.8623     20.1332     358.336
 163           2     341.629     29.5522     213.263
 163           3     667.709      45.426     15.5932
 163           4     1002.05     39.5748     9.40995
 163           5     1310.22     39.0127     5.07544
 163           6      1601.1     45.8422     5.80507
 164           1     81.2864     16.9136     381.723
 164           2     282.098     25.4911      212.67
 164           3     537.158     39.9386     13.7268
 164           4     790.539     39.2999      8.2634
 164           5     1052.57     40.2523     3.85346
 164           6     1294.24     52.5103     3.89516
 173           1     52.0463      13.068     53.9702
 173           2     145.398     18.6218      78.373
 173           3     279.498     24.1781     2.90176
 174           2     105.796     16.5041     25.8475
 174           4     289.725     24.2756    0.627626
 174           5     386.085     6.88047     0.47138
 175           1      55.568     13.1644      24.492
 175           2     167.072     20.7375     43.8186
 175           3     329.436     45.8789     1.08151
 175           4     539.363     21.7296    0.682865
 176           1     62.2792     13.9679     78.8884
 176           2     201.988     24.0039     37.4725
 176           3     390.793     33.6596     1.36292
 176           4     615.159      20.086    0.705947
 177           1     89.3373     17.4465     184.552
 177           2       300.7     31.6889     23.5327
 177           4     822.334     65.6512    0.358465
 178           1      92.043     18.4475      123.73
 178           2     320.626     29.9545     18.4786
 178           3       605.7     49.1587    0.625412
 179           1     65.3183     14.6598     137.939
 179           2     235.664     25.3204     20.2234
 181           1     123.543     21.8294     111.716
 181           2     421.701     29.8728     8.44122
 182           1     192.695     32.0047     74.0129
 182           2     625.972     43.9225     4.57846
 183           1      124.01     25.6375     94.7904
 183           2      466.49     44.5038     4.71264
 184           1     195.731     31.6647     65.6511
 184           2     630.889     45.0462     3.16849
 185           1     103.787     20.0032     45.6103
 185           2     334.185     37.8141     3.24916
 185           3     568.343     44.0736    0.323086
 186           1     109.939      21.395     83.6215
 186           2     400.376     40.0044     2.95537
 188           1     100.493      19.353     53.3678
 188           2     341.557     46.4036     2.30499
 188           3     502.353     36.7958    0.400956
 189           1     50.4095     10.9731     20.0203
 189           2     159.504      17.572     2.66972
 190           1     127.327     22.9883     47.2946
 190           2     431.713     45.7481      1.1398
 191           1     107.198     23.0447     42.2555
 191           2     420.112     43.5476     1.32708
 192           1     123.985     23.5796     37.2965
 192           2     457.133     49.8012    0.952884
 193           1     117.625      23.055     38.1927
 193           2     437.025     50.0255    0.995662
 194           1     110.329      22.081     31.8435
 194           2     421.173     34.9773     0.91676
 195           1     61.5809     13.7737     27.2951
 195           2     230.586     28.8674     1.32886
